 &panelinfo npanel = 768, npoint = 3, &end
           1           2           3
           3           4           5
           3           2           4
           2           6           4
           5           7           8
           5           4           7
           4           9           7
           4           6           9
           6          10           9
           8          11          12
           8           7          11
           7          13          11
           7           9          13
           9          14          13
           9          10          14
          10          15          14
          16          17          18
          16          18          19
          20          16          19
          20          19          21
          22          20          21
          22          21           8
          12          22           8
          19          18          23
          19          23          24
          21          19          24
          21          24           5
           8          21           5
          24          23          25
          24          25           3
           5          24           3
           3          25           1
           1          25          26
          26          27          28
          26          25          27
          25          23          27
          28          29          30
          28          27          29
          27          31          29
          27          23          31
          23          18          31
          30          32          33
          30          29          32
          29          34          32
          29          31          34
          31          35          34
          31          18          35
          18          17          35
          36          37          38
          36          38          39
          40          36          39
          40          39          41
          42          40          41
          42          41          30
          33          42          30
          39          38          43
          39          43          44
          41          39          44
          41          44          28
          30          41          28
          44          43          45
          44          45          26
          28          44          26
          26          45           1
           1          45          46
          46          47          48
          46          45          47
          45          43          47
          48          49          50
          48          47          49
          47          51          49
          47          43          51
          43          38          51
          50          52          53
          50          49          52
          49          54          52
          49          51          54
          51          55          54
          51          38          55
          38          37          55
          56          57          58
          56          58          59
          60          56          59
          60          59          61
          62          60          61
          62          61          50
          53          62          50
          59          58          63
          59          63          64
          61          59          64
          61          64          48
          50          61          48
          64          63          65
          64          65          46
          48          64          46
          46          65           1
           1          65          66
          66          67          68
          66          65          67
          65          63          67
          68          69          70
          68          67          69
          67          71          69
          67          63          71
          63          58          71
          70          72          73
          70          69          72
          69          74          72
          69          71          74
          71          75          74
          71          58          75
          58          57          75
          76          15          10
          76          10          77
          78          76          77
          78          77          79
          80          78          79
          80          79          70
          73          80          70
          77          10           6
          77           6          81
          79          77          81
          79          81          68
          70          79          68
          81           6           2
          81           2          66
          68          81          66
          66           2           1
          82          83          84
          84          85          86
          84          83          85
          83          87          85
          86          88          89
          86          85          88
          85          90          88
          85          87          90
          87          91          90
          89          92          93
          89          88          92
          88          94          92
          88          90          94
          90          95          94
          90          91          95
          91          96          95
          97          98          99
          97          99         100
         101          97         100
         101         100         102
         103         101         102
         103         102          89
          93         103          89
         100          99         104
         100         104         105
         102         100         105
         102         105          86
          89         102          86
         105         104         106
         105         106          84
          86         105          84
          84         106          82
          82         106         107
         107         108         109
         107         106         108
         106         104         108
         109         110         111
         109         108         110
         108         112         110
         108         104         112
         104          99         112
         111         113         114
         111         110         113
         110         115         113
         110         112         115
         112         116         115
         112          99         116
          99          98         116
         117          37         118
         117         118         119
         120         117         119
         120         119         121
         122         120         121
         122         121         111
         114         122         111
         119         118         123
         119         123         124
         121         119         124
         121         124         109
         111         121         109
         124         123         125
         124         125         107
         109         124         107
         107         125          82
          82         125         126
         126         127         128
         126         125         127
         125         123         127
         128         129         130
         128         127         129
         127         131         129
         127         123         131
         123         118         131
         130          42          33
         130         129          42
         129          40          42
         129         131          40
         131          36          40
         131         118          36
         118          37          36
          35          17         132
          35         132         133
          34          35         133
          34         133         134
          32          34         134
          32         134         130
          33          32         130
         133         132         135
         133         135         136
         134         133         136
         134         136         128
         130         134         128
         136         135         137
         136         137         126
         128         136         126
         126         137          82
          82         137         138
         138         139         140
         138         137         139
         137         135         139
         140         141         142
         140         139         141
         139         143         141
         139         135         143
         135         132         143
         142         144         145
         142         141         144
         141         146         144
         141         143         146
         143         147         146
         143         132         147
         132          17         147
         148          96          91
         148          91         149
         150         148         149
         150         149         151
         152         150         151
         152         151         142
         145         152         142
         149          91          87
         149          87         153
         151         149         153
         151         153         140
         142         151         140
         153          87          83
         153          83         138
         140         153         138
         138          83          82
         154         155         156
         156         157         158
         156         155         157
         155         159         157
         158         160         161
         158         157         160
         157         162         160
         157         159         162
         159         163         162
         161         164         165
         161         160         164
         160         166         164
         160         162         166
         162         167         166
         162         163         167
         163          98         167
         168         169         170
         168         170         171
         172         168         171
         172         171         173
         174         172         173
         174         173         161
         165         174         161
         171         170         175
         171         175         176
         173         171         176
         173         176         158
         161         173         158
         176         175         177
         176         177         156
         158         176         156
         156         177         154
         154         177         178
         178         179         180
         178         177         179
         177         175         179
         180         181         182
         180         179         181
         179         183         181
         179         175         183
         175         170         183
         182         184         185
         182         181         184
         181         186         184
         181         183         186
         183         187         186
         183         170         187
         170         169         187
         188          57         189
         188         189         190
         191         188         190
         191         190         192
         193         191         192
         193         192         182
         185         193         182
         190         189         194
         190         194         195
         192         190         195
         192         195         180
         182         192         180
         195         194         196
         195         196         178
         180         195         178
         178         196         154
         154         196         197
         197         198         199
         197         196         198
         196         194         198
         199         200         201
         199         198         200
         198         202         200
         198         194         202
         194         189         202
         201          62          53
         201         200          62
         200          60          62
         200         202          60
         202          56          60
         202         189          56
         189          57          56
          55          37         203
          55         203         204
          54          55         204
          54         204         205
          52          54         205
          52         205         201
          53          52         201
         204         203         206
         204         206         207
         205         204         207
         205         207         199
         201         205         199
         207         206         208
         207         208         197
         199         207         197
         197         208         154
         154         208         209
         209         210         211
         209         208         210
         208         206         210
         211         212         213
         211         210         212
         210         214         212
         210         206         214
         206         203         214
         213         122         114
         213         212         122
         212         120         122
         212         214         120
         214         117         120
         214         203         117
         203          37         117
         116          98         163
         116         163         215
         115         116         215
         115         215         216
         113         115         216
         113         216         213
         114         113         213
         215         163         159
         215         159         217
         216         215         217
         216         217         211
         213         216         211
         217         159         155
         217         155         209
         211         217         209
         209         155         154
         218         219         220
         220         221         222
         220         219         221
         219         223         221
         222         224         225
         222         221         224
         221         226         224
         221         223         226
         223         227         226
         225         228         229
         225         224         228
         224         230         228
         224         226         230
         226         231         230
         226         227         231
         227         169         231
         232         233         234
         232         234         235
         236         232         235
         236         235         237
         238         236         237
         238         237         225
         229         238         225
         235         234         239
         235         239         240
         237         235         240
         237         240         222
         225         237         222
         240         239         241
         240         241         220
         222         240         220
         220         241         218
         218         241         242
         242         243         244
         242         241         243
         241         239         243
         244         245         246
         244         243         245
         243         247         245
         243         239         247
         239         234         247
         246         248         249
         246         245         248
         245         250         248
         245         247         250
         247         251         250
         247         234         251
         234         233         251
         252          15         253
         252         253         254
         255         252         254
         255         254         256
         257         255         256
         257         256         246
         249         257         246
         254         253         258
         254         258         259
         256         254         259
         256         259         244
         246         256         244
         259         258         260
         259         260         242
         244         259         242
         242         260         218
         218         260         261
         261         262         263
         261         260         262
         260         258         262
         263         264         265
         263         262         264
         262         266         264
         262         258         266
         258         253         266
         265          80          73
         265         264          80
         264          78          80
         264         266          78
         266          76          78
         266         253          76
         253          15          76
          75          57         267
          75         267         268
          74          75         268
          74         268         269
          72          74         269
          72         269         265
          73          72         265
         268         267         270
         268         270         271
         269         268         271
         269         271         263
         265         269         263
         271         270         272
         271         272         261
         263         271         261
         261         272         218
         218         272         273
         273         274         275
         273         272         274
         272         270         274
         275         276         277
         275         274         276
         274         278         276
         274         270         278
         270         267         278
         277         193         185
         277         276         193
         276         191         193
         276         278         191
         278         188         191
         278         267         188
         267          57         188
         187         169         227
         187         227         279
         186         187         279
         186         279         280
         184         186         280
         184         280         277
         185         184         277
         279         227         223
         279         223         281
         280         279         281
         280         281         275
         277         280         275
         281         223         219
         281         219         273
         275         281         273
         273         219         218
         282         283         284
         284         285         286
         284         283         285
         283         287         285
         286         288         289
         286         285         288
         285         290         288
         285         287         290
         287         291         290
         289         292         293
         289         288         292
         288         294         292
         288         290         294
         290         295         294
         290         291         295
         291         233         295
         296          96         297
         296         297         298
         299         296         298
         299         298         300
         301         299         300
         301         300         289
         293         301         289
         298         297         302
         298         302         303
         300         298         303
         300         303         286
         289         300         286
         303         302         304
         303         304         284
         286         303         284
         284         304         282
         282         304         305
         305         306         307
         305         304         306
         304         302         306
         307         308         309
         307         306         308
         306         310         308
         306         302         310
         302         297         310
         309         152         145
         309         308         152
         308         150         152
         308         310         150
         310         148         150
         310         297         148
         297          96         148
         147          17         311
         147         311         312
         146         147         312
         146         312         313
         144         146         313
         144         313         309
         145         144         309
         312         311         314
         312         314         315
         313         312         315
         313         315         307
         309         313         307
         315         314         316
         315         316         305
         307         315         305
         305         316         282
         282         316         317
         317         318         319
         317         316         318
         316         314         318
         319         320         321
         319         318         320
         318         322         320
         318         314         322
         314         311         322
         321          22          12
         321         320          22
         320          20          22
         320         322          20
         322          16          20
         322         311          16
         311          17          16
          14          15         323
          14         323         324
          13          14         324
          13         324         325
          11          13         325
          11         325         321
          12          11         321
         324         323         326
         324         326         327
         325         324         327
         325         327         319
         321         325         319
         327         326         328
         327         328         317
         319         327         317
         317         328         282
         282         328         329
         329         330         331
         329         328         330
         328         326         330
         331         332         333
         331         330         332
         330         334         332
         330         326         334
         326         323         334
         333         257         249
         333         332         257
         332         255         257
         332         334         255
         334         252         255
         334         323         252
         323          15         252
         251         233         291
         251         291         335
         250         251         335
         250         335         336
         248         250         336
         248         336         333
         249         248         333
         335         291         287
         335         287         337
         336         335         337
         336         337         331
         333         336         331
         337         287         283
         337         283         329
         331         337         329
         329         283         282
         338         339         340
         340         341         342
         340         339         341
         339         343         341
         342         344         345
         342         341         344
         341         346         344
         341         343         346
         343         347         346
         345         301         293
         345         344         301
         344         299         301
         344         346         299
         346         296         299
         346         347         296
         347          96         296
         295         233         348
         295         348         349
         294         295         349
         294         349         350
         292         294         350
         292         350         345
         293         292         345
         349         348         351
         349         351         352
         350         349         352
         350         352         342
         345         350         342
         352         351         353
         352         353         340
         342         352         340
         340         353         338
         338         353         354
         354         355         356
         354         353         355
         353         351         355
         356         357         358
         356         355         357
         355         359         357
         355         351         359
         351         348         359
         358         238         229
         358         357         238
         357         236         238
         357         359         236
         359         232         236
         359         348         232
         348         233         232
         231         169         360
         231         360         361
         230         231         361
         230         361         362
         228         230         362
         228         362         358
         229         228         358
         361         360         363
         361         363         364
         362         361         364
         362         364         356
         358         362         356
         364         363         365
         364         365         354
         356         364         354
         354         365         338
         338         365         366
         366         367         368
         366         365         367
         365         363         367
         368         369         370
         368         367         369
         367         371         369
         367         363         371
         363         360         371
         370         174         165
         370         369         174
         369         172         174
         369         371         172
         371         168         172
         371         360         168
         360         169         168
         167          98         372
         167         372         373
         166         167         373
         166         373         374
         164         166         374
         164         374         370
         165         164         370
         373         372         375
         373         375         376
         374         373         376
         374         376         368
         370         374         368
         376         375         377
         376         377         366
         368         376         366
         366         377         338
         338         377         378
         378         379         380
         378         377         379
         377         375         379
         380         381         382
         380         379         381
         379         383         381
         379         375         383
         375         372         383
         382         103          93
         382         381         103
         381         101         103
         381         383         101
         383          97         101
         383         372          97
         372          98          97
          95          96         347
          95         347         384
          94          95         384
          94         384         385
          92          94         385
          92         385         382
          93          92         382
         384         347         343
         384         343         386
         385         384         386
         385         386         380
         382         385         380
         386         343         339
         386         339         378
         380         386         378
         378         339         338