&vertexinfo nvertex = 386, ndimension = 3, &end
-0.000000 -0.000000 1.000000
-0.235702 -0.235702 0.942809
-0.000000 -0.242536 0.970143
-0.218218 -0.436436 0.872872
-0.000000 -0.447214 0.894427
-0.408248 -0.408248 0.816497
-0.196116 -0.588348 0.784465
-0.000000 -0.600000 0.800000
-0.371391 -0.557086 0.742781
-0.514496 -0.514496 0.685994
-0.174078 -0.696311 0.696311
-0.000000 -0.707107 0.707107
-0.333333 -0.666667 0.666667
-0.468521 -0.624695 0.624695
-0.577350 -0.577350 0.577350
0.468521 -0.624695 0.624695
0.577350 -0.577350 0.577350
0.514496 -0.514496 0.685994
0.371391 -0.557086 0.742781
0.333333 -0.666667 0.666667
0.196116 -0.588348 0.784465
0.174078 -0.696311 0.696311
0.408248 -0.408248 0.816497
0.218218 -0.436436 0.872872
0.235702 -0.235702 0.942809
0.242536 -0.000000 0.970143
0.436436 -0.218218 0.872872
0.447214 -0.000000 0.894427
0.588348 -0.196116 0.784465
0.600000 -0.000000 0.800000
0.557086 -0.371391 0.742781
0.696311 -0.174078 0.696311
0.707107 -0.000000 0.707107
0.666667 -0.333333 0.666667
0.624695 -0.468521 0.624695
0.624695 0.468521 0.624695
0.577350 0.577350 0.577350
0.514496 0.514496 0.685994
0.557086 0.371391 0.742781
0.666667 0.333333 0.666667
0.588348 0.196116 0.784465
0.696311 0.174078 0.696311
0.408248 0.408248 0.816497
0.436436 0.218218 0.872872
0.235702 0.235702 0.942809
0.000000 0.242536 0.970143
0.218218 0.436436 0.872872
0.000000 0.447214 0.894427
0.196116 0.588348 0.784465
0.000000 0.600000 0.800000
0.371391 0.557086 0.742781
0.174078 0.696311 0.696311
0.000000 0.707107 0.707107
0.333333 0.666667 0.666667
0.468521 0.624695 0.624695
-0.468521 0.624695 0.624695
-0.577350 0.577350 0.577350
-0.514496 0.514496 0.685994
-0.371391 0.557086 0.742781
-0.333333 0.666667 0.666667
-0.196116 0.588348 0.784465
-0.174078 0.696311 0.696311
-0.408248 0.408248 0.816497
-0.218218 0.436436 0.872872
-0.235702 0.235702 0.942809
-0.242536 0.000000 0.970143
-0.436436 0.218218 0.872872
-0.447214 0.000000 0.894427
-0.588348 0.196116 0.784465
-0.600000 0.000000 0.800000
-0.557086 0.371391 0.742781
-0.696311 0.174078 0.696311
-0.707107 0.000000 0.707107
-0.666667 0.333333 0.666667
-0.624695 0.468521 0.624695
-0.624695 -0.468521 0.624695
-0.557086 -0.371391 0.742781
-0.666667 -0.333333 0.666667
-0.588348 -0.196116 0.784465
-0.696311 -0.174078 0.696311
-0.436436 -0.218218 0.872872
1.000000 -0.000000 -0.000000
0.942809 -0.235702 -0.235702
0.970143 -0.000000 -0.242536
0.872872 -0.218218 -0.436436
0.894427 -0.000000 -0.447214
0.816497 -0.408248 -0.408248
0.784465 -0.196116 -0.588348
0.800000 -0.000000 -0.600000
0.742781 -0.371391 -0.557086
0.685994 -0.514496 -0.514496
0.696311 -0.174078 -0.696311
0.707107 -0.000000 -0.707107
0.666667 -0.333333 -0.666667
0.624695 -0.468521 -0.624695
0.577350 -0.577350 -0.577350
0.624695 0.468521 -0.624695
0.577350 0.577350 -0.577350
0.685994 0.514496 -0.514496
0.742781 0.371391 -0.557086
0.666667 0.333333 -0.666667
0.784465 0.196116 -0.588348
0.696311 0.174078 -0.696311
0.816497 0.408248 -0.408248
0.872872 0.218218 -0.436436
0.942809 0.235702 -0.235702
0.970143 0.242536 -0.000000
0.872872 0.436436 -0.218218
0.894427 0.447214 -0.000000
0.784465 0.588348 -0.196116
0.800000 0.600000 -0.000000
0.742781 0.557086 -0.371391
0.696311 0.696311 -0.174078
0.707107 0.707107 -0.000000
0.666667 0.666667 -0.333333
0.624695 0.624695 -0.468521
0.624695 0.624695 0.468521
0.685994 0.514496 0.514496
0.742781 0.557086 0.371391
0.666667 0.666667 0.333333
0.784465 0.588348 0.196116
0.696311 0.696311 0.174078
0.816497 0.408248 0.408248
0.872872 0.436436 0.218218
0.942809 0.235702 0.235702
0.970143 0.000000 0.242536
0.872872 0.218218 0.436436
0.894427 0.000000 0.447214
0.784465 0.196116 0.588348
0.800000 0.000000 0.600000
0.742781 0.371391 0.557086
0.685994 -0.514496 0.514496
0.742781 -0.371391 0.557086
0.784465 -0.196116 0.588348
0.816497 -0.408248 0.408248
0.872872 -0.218218 0.436436
0.942809 -0.235702 0.235702
0.970143 -0.242536 0.000000
0.872872 -0.436436 0.218218
0.894427 -0.447214 0.000000
0.784465 -0.588348 0.196116
0.800000 -0.600000 0.000000
0.742781 -0.557086 0.371391
0.696311 -0.696311 0.174078
0.707107 -0.707107 0.000000
0.666667 -0.666667 0.333333
0.624695 -0.624695 0.468521
0.624695 -0.624695 -0.468521
0.742781 -0.557086 -0.371391
0.666667 -0.666667 -0.333333
0.784465 -0.588348 -0.196116
0.696311 -0.696311 -0.174078
0.872872 -0.436436 -0.218218
0.000000 1.000000 -0.000000
0.235702 0.942809 -0.235702
0.000000 0.970143 -0.242536
0.218218 0.872872 -0.436436
0.000000 0.894427 -0.447214
0.408248 0.816497 -0.408248
0.196116 0.784465 -0.588348
0.000000 0.800000 -0.600000
0.371391 0.742781 -0.557086
0.514496 0.685994 -0.514496
0.174078 0.696311 -0.696311
0.000000 0.707107 -0.707107
0.333333 0.666667 -0.666667
0.468521 0.624695 -0.624695
-0.468521 0.624695 -0.624695
-0.577350 0.577350 -0.577350
-0.514496 0.685994 -0.514496
-0.371391 0.742781 -0.557086
-0.333333 0.666667 -0.666667
-0.196116 0.784465 -0.588348
-0.174078 0.696311 -0.696311
-0.408248 0.816497 -0.408248
-0.218218 0.872872 -0.436436
-0.235702 0.942809 -0.235702
-0.242536 0.970143 -0.000000
-0.436436 0.872872 -0.218218
-0.447214 0.894427 -0.000000
-0.588348 0.784465 -0.196116
-0.600000 0.800000 -0.000000
-0.557086 0.742781 -0.371391
-0.696311 0.696311 -0.174078
-0.707107 0.707107 -0.000000
-0.666667 0.666667 -0.333333
-0.624695 0.624695 -0.468521
-0.624695 0.624695 0.468521
-0.514496 0.685994 0.514496
-0.557086 0.742781 0.371391
-0.666667 0.666667 0.333333
-0.588348 0.784465 0.196116
-0.696311 0.696311 0.174078
-0.408248 0.816497 0.408248
-0.436436 0.872872 0.218218
-0.235702 0.942809 0.235702
-0.000000 0.970143 0.242536
-0.218218 0.872872 0.436436
-0.000000 0.894427 0.447214
-0.196116 0.784465 0.588348
-0.000000 0.800000 0.600000
-0.371391 0.742781 0.557086
0.514496 0.685994 0.514496
0.371391 0.742781 0.557086
0.196116 0.784465 0.588348
0.408248 0.816497 0.408248
0.218218 0.872872 0.436436
0.235702 0.942809 0.235702
0.242536 0.970143 0.000000
0.436436 0.872872 0.218218
0.447214 0.894427 0.000000
0.588348 0.784465 0.196116
0.600000 0.800000 0.000000
0.557086 0.742781 0.371391
0.557086 0.742781 -0.371391
0.588348 0.784465 -0.196116
0.436436 0.872872 -0.218218
-1.000000 0.000000 -0.000000
-0.942809 0.235702 -0.235702
-0.970143 0.000000 -0.242536
-0.872872 0.218218 -0.436436
-0.894427 0.000000 -0.447214
-0.816497 0.408248 -0.408248
-0.784465 0.196116 -0.588348
-0.800000 0.000000 -0.600000
-0.742781 0.371391 -0.557086
-0.685994 0.514496 -0.514496
-0.696311 0.174078 -0.696311
-0.707107 0.000000 -0.707107
-0.666667 0.333333 -0.666667
-0.624695 0.468521 -0.624695
-0.624695 -0.468521 -0.624695
-0.577350 -0.577350 -0.577350
-0.685994 -0.514496 -0.514496
-0.742781 -0.371391 -0.557086
-0.666667 -0.333333 -0.666667
-0.784465 -0.196116 -0.588348
-0.696311 -0.174078 -0.696311
-0.816497 -0.408248 -0.408248
-0.872872 -0.218218 -0.436436
-0.942809 -0.235702 -0.235702
-0.970143 -0.242536 -0.000000
-0.872872 -0.436436 -0.218218
-0.894427 -0.447214 -0.000000
-0.784465 -0.588348 -0.196116
-0.800000 -0.600000 -0.000000
-0.742781 -0.557086 -0.371391
-0.696311 -0.696311 -0.174078
-0.707107 -0.707107 -0.000000
-0.666667 -0.666667 -0.333333
-0.624695 -0.624695 -0.468521
-0.624695 -0.624695 0.468521
-0.685994 -0.514496 0.514496
-0.742781 -0.557086 0.371391
-0.666667 -0.666667 0.333333
-0.784465 -0.588348 0.196116
-0.696311 -0.696311 0.174078
-0.816497 -0.408248 0.408248
-0.872872 -0.436436 0.218218
-0.942809 -0.235702 0.235702
-0.970143 -0.000000 0.242536
-0.872872 -0.218218 0.436436
-0.894427 -0.000000 0.447214
-0.784465 -0.196116 0.588348
-0.800000 -0.000000 0.600000
-0.742781 -0.371391 0.557086
-0.685994 0.514496 0.514496
-0.742781 0.371391 0.557086
-0.784465 0.196116 0.588348
-0.816497 0.408248 0.408248
-0.872872 0.218218 0.436436
-0.942809 0.235702 0.235702
-0.970143 0.242536 0.000000
-0.872872 0.436436 0.218218
-0.894427 0.447214 0.000000
-0.784465 0.588348 0.196116
-0.800000 0.600000 0.000000
-0.742781 0.557086 0.371391
-0.742781 0.557086 -0.371391
-0.784465 0.588348 -0.196116
-0.872872 0.436436 -0.218218
-0.000000 -1.000000 -0.000000
-0.235702 -0.942809 -0.235702
-0.000000 -0.970143 -0.242536
-0.218218 -0.872872 -0.436436
-0.000000 -0.894427 -0.447214
-0.408248 -0.816497 -0.408248
-0.196116 -0.784465 -0.588348
-0.000000 -0.800000 -0.600000
-0.371391 -0.742781 -0.557086
-0.514496 -0.685994 -0.514496
-0.174078 -0.696311 -0.696311
-0.000000 -0.707107 -0.707107
-0.333333 -0.666667 -0.666667
-0.468521 -0.624695 -0.624695
0.468521 -0.624695 -0.624695
0.514496 -0.685994 -0.514496
0.371391 -0.742781 -0.557086
0.333333 -0.666667 -0.666667
0.196116 -0.784465 -0.588348
0.174078 -0.696311 -0.696311
0.408248 -0.816497 -0.408248
0.218218 -0.872872 -0.436436
0.235702 -0.942809 -0.235702
0.242536 -0.970143 -0.000000
0.436436 -0.872872 -0.218218
0.447214 -0.894427 -0.000000
0.588348 -0.784465 -0.196116
0.600000 -0.800000 -0.000000
0.557086 -0.742781 -0.371391
0.514496 -0.685994 0.514496
0.557086 -0.742781 0.371391
0.588348 -0.784465 0.196116
0.408248 -0.816497 0.408248
0.436436 -0.872872 0.218218
0.235702 -0.942809 0.235702
0.000000 -0.970143 0.242536
0.218218 -0.872872 0.436436
0.000000 -0.894427 0.447214
0.196116 -0.784465 0.588348
0.000000 -0.800000 0.600000
0.371391 -0.742781 0.557086
-0.514496 -0.685994 0.514496
-0.371391 -0.742781 0.557086
-0.196116 -0.784465 0.588348
-0.408248 -0.816497 0.408248
-0.218218 -0.872872 0.436436
-0.235702 -0.942809 0.235702
-0.242536 -0.970143 0.000000
-0.436436 -0.872872 0.218218
-0.447214 -0.894427 0.000000
-0.588348 -0.784465 0.196116
-0.600000 -0.800000 0.000000
-0.557086 -0.742781 0.371391
-0.557086 -0.742781 -0.371391
-0.588348 -0.784465 -0.196116
-0.436436 -0.872872 -0.218218
0.000000 -0.000000 -1.000000
0.235702 -0.235702 -0.942809
0.000000 -0.242536 -0.970143
0.218218 -0.436436 -0.872872
0.000000 -0.447214 -0.894427
0.408248 -0.408248 -0.816497
0.196116 -0.588348 -0.784465
0.000000 -0.600000 -0.800000
0.371391 -0.557086 -0.742781
0.514496 -0.514496 -0.685994
-0.514496 -0.514496 -0.685994
-0.371391 -0.557086 -0.742781
-0.196116 -0.588348 -0.784465
-0.408248 -0.408248 -0.816497
-0.218218 -0.436436 -0.872872
-0.235702 -0.235702 -0.942809
-0.242536 -0.000000 -0.970143
-0.436436 -0.218218 -0.872872
-0.447214 -0.000000 -0.894427
-0.588348 -0.196116 -0.784465
-0.600000 -0.000000 -0.800000
-0.557086 -0.371391 -0.742781
-0.514496 0.514496 -0.685994
-0.557086 0.371391 -0.742781
-0.588348 0.196116 -0.784465
-0.408248 0.408248 -0.816497
-0.436436 0.218218 -0.872872
-0.235702 0.235702 -0.942809
-0.000000 0.242536 -0.970143
-0.218218 0.436436 -0.872872
-0.000000 0.447214 -0.894427
-0.196116 0.588348 -0.784465
-0.000000 0.600000 -0.800000
-0.371391 0.557086 -0.742781
0.514496 0.514496 -0.685994
0.371391 0.557086 -0.742781
0.196116 0.588348 -0.784465
0.408248 0.408248 -0.816497
0.218218 0.436436 -0.872872
0.235702 0.235702 -0.942809
0.242536 0.000000 -0.970143
0.436436 0.218218 -0.872872
0.447214 0.000000 -0.894427
0.588348 0.196116 -0.784465
0.600000 0.000000 -0.800000
0.557086 0.371391 -0.742781
0.557086 -0.371391 -0.742781
0.588348 -0.196116 -0.784465
0.436436 -0.218218 -0.872872